GradoPolinomio,CantidadSenoides,valoresXtrain,valoresXtest,valoresYtrain,valoresYtest,coeficientesPolinomioTr,coeficientesPolinomioTs,coeficientesCosTr,coeficientesCosTs,coeficientesSenoidTr,coeficientesSenoidTs
1,3,[700 701 702 703 704 705 706 707 708 709 710 711 712 713 714 715 716 717
 718 719 720 721 722 723 724 725 726 727 728 729 730 731 732 733 734 735
 736 737 738 739 740 741 742 743 744 745 746 747 748 749 750 751 752 753
 754 755 756 757 758 759],[760 761 762 763 764 765 766 767 768 769 770 771 772 773 774 775 776 777
 778 779],[38.74691919 28.66489603 15.58109421 29.33130699 35.50834052 18.26910929
 24.62034928 14.63471537 15.14341427 17.56176155 14.37847245 20.21830181
 19.9822098  25.69859012 21.49810367 28.8082607  23.39543007 21.28706289
 27.21172023 23.68072631 31.51941013 30.34295801 13.77484875  8.01202834
 16.07845754 23.58044164 28.07877102 14.2631146  12.87194812  9.296875
 17.56955881 14.5193229  11.99320071 17.87394167 13.45340988 18.13567871
 26.57848938 35.40414989 31.55035391 17.04396325 22.7731665  21.22986369
 28.87431555 20.75993641  8.39902748 14.05105811 26.93042205 20.23915816
 23.49639645 36.56944533 26.72874031 23.13592448 28.76284505 19.47770701
 40.71925014 28.46080306 30.05349637 26.08999619 26.27737226 33.42519156],[27.43042318 23.95520896 12.315507   23.30567082 26.72043366 13.08794747
 26.63715703 20.67273503 36.05298997 14.03995139 12.85642977 20.23567154
 14.56164862 36.46735118 27.36196709 14.3161849  19.54937254 29.37472312
 60.60174639 35.63505473],[-25.31152835   0.06582836],[-535.05256714    0.72750029],[-26.02175125   0.06681234   1.35495893  -0.75353041],[-528.66782476    0.71872048   -1.58556052    6.35961531],[-546.84162204    0.7428207     1.01880721],[]
1,5,[700 701 702 703 704 705 706 707 708 709 710 711 712 713 714 715 716 717
 718 719 720 721 722 723 724 725 726 727 728 729 730 731 732 733 734 735
 736 737 738 739 740 741 742 743 744 745 746 747 748 749 750 751 752 753
 754 755 756 757 758 759],[760 761 762 763 764 765 766 767 768 769 770 771 772 773 774 775 776 777
 778 779],[38.74691919 28.66489603 15.58109421 29.33130699 35.50834052 18.26910929
 24.62034928 14.63471537 15.14341427 17.56176155 14.37847245 20.21830181
 19.9822098  25.69859012 21.49810367 28.8082607  23.39543007 21.28706289
 27.21172023 23.68072631 31.51941013 30.34295801 13.77484875  8.01202834
 16.07845754 23.58044164 28.07877102 14.2631146  12.87194812  9.296875
 17.56955881 14.5193229  11.99320071 17.87394167 13.45340988 18.13567871
 26.57848938 35.40414989 31.55035391 17.04396325 22.7731665  21.22986369
 28.87431555 20.75993641  8.39902748 14.05105811 26.93042205 20.23915816
 23.49639645 36.56944533 26.72874031 23.13592448 28.76284505 19.47770701
 40.71925014 28.46080306 30.05349637 26.08999619 26.27737226 33.42519156],[27.43042318 23.95520896 12.315507   23.30567082 26.72043366 13.08794747
 26.63715703 20.67273503 36.05298997 14.03995139 12.85642977 20.23567154
 14.56164862 36.46735118 27.36196709 14.3161849  19.54937254 29.37472312
 60.60174639 35.63505473],[-25.31152835   0.06582836],[-535.05256714    0.72750029],[-26.02175125   0.06681234   1.35495893  -0.75353041],[-528.66782476    0.71872048   -1.58556052    6.35961531],[-4.25647001e+02  5.84353167e-01  1.14191895e-01 -6.99912986e+00
 -8.61577247e+00],[]
1,7,[700 701 702 703 704 705 706 707 708 709 710 711 712 713 714 715 716 717
 718 719 720 721 722 723 724 725 726 727 728 729 730 731 732 733 734 735
 736 737 738 739 740 741 742 743 744 745 746 747 748 749 750 751 752 753
 754 755 756 757 758 759],[760 761 762 763 764 765 766 767 768 769 770 771 772 773 774 775 776 777
 778 779],[38.74691919 28.66489603 15.58109421 29.33130699 35.50834052 18.26910929
 24.62034928 14.63471537 15.14341427 17.56176155 14.37847245 20.21830181
 19.9822098  25.69859012 21.49810367 28.8082607  23.39543007 21.28706289
 27.21172023 23.68072631 31.51941013 30.34295801 13.77484875  8.01202834
 16.07845754 23.58044164 28.07877102 14.2631146  12.87194812  9.296875
 17.56955881 14.5193229  11.99320071 17.87394167 13.45340988 18.13567871
 26.57848938 35.40414989 31.55035391 17.04396325 22.7731665  21.22986369
 28.87431555 20.75993641  8.39902748 14.05105811 26.93042205 20.23915816
 23.49639645 36.56944533 26.72874031 23.13592448 28.76284505 19.47770701
 40.71925014 28.46080306 30.05349637 26.08999619 26.27737226 33.42519156],[27.43042318 23.95520896 12.315507   23.30567082 26.72043366 13.08794747
 26.63715703 20.67273503 36.05298997 14.03995139 12.85642977 20.23567154
 14.56164862 36.46735118 27.36196709 14.3161849  19.54937254 29.37472312
 60.60174639 35.63505473],[-25.31152835   0.06582836],[-535.05256714    0.72750029],[-26.02175125   0.06681234   1.35495893  -0.75353041],[-528.66782476    0.71872048   -1.58556052    6.35961531],[-4.32885023e+02  5.93146624e-01  2.67526260e-03 -7.25585119e+00
 -9.41768526e+00 -7.30891420e-01  3.19899970e+00],[]
1,20,[700 701 702 703 704 705 706 707 708 709 710 711 712 713 714 715 716 717
 718 719 720 721 722 723 724 725 726 727 728 729 730 731 732 733 734 735
 736 737 738 739 740 741 742 743 744 745 746 747 748 749 750 751 752 753
 754 755 756 757 758 759],[760 761 762 763 764 765 766 767 768 769 770 771 772 773 774 775 776 777
 778 779],[38.74691919 28.66489603 15.58109421 29.33130699 35.50834052 18.26910929
 24.62034928 14.63471537 15.14341427 17.56176155 14.37847245 20.21830181
 19.9822098  25.69859012 21.49810367 28.8082607  23.39543007 21.28706289
 27.21172023 23.68072631 31.51941013 30.34295801 13.77484875  8.01202834
 16.07845754 23.58044164 28.07877102 14.2631146  12.87194812  9.296875
 17.56955881 14.5193229  11.99320071 17.87394167 13.45340988 18.13567871
 26.57848938 35.40414989 31.55035391 17.04396325 22.7731665  21.22986369
 28.87431555 20.75993641  8.39902748 14.05105811 26.93042205 20.23915816
 23.49639645 36.56944533 26.72874031 23.13592448 28.76284505 19.47770701
 40.71925014 28.46080306 30.05349637 26.08999619 26.27737226 33.42519156],[27.43042318 23.95520896 12.315507   23.30567082 26.72043366 13.08794747
 26.63715703 20.67273503 36.05298997 14.03995139 12.85642977 20.23567154
 14.56164862 36.46735118 27.36196709 14.3161849  19.54937254 29.37472312
 60.60174639 35.63505473],[-25.31152835   0.06582836],[-535.05256714    0.72750029],[-26.02175125   0.06681234   1.35495893  -0.75353041],[-528.66782476    0.71872048   -1.58556052    6.35961531],[ 4.58273723e+07 -5.98440579e+04  4.51393933e+00  5.45404023e+02
  3.56737135e+03 -4.36132583e+04 -2.87897757e+05 -3.27846338e+06
 -1.48983911e+07  2.47306816e+07 -2.41711809e+07  4.04889351e+07
 -2.39952653e+07 -4.01257500e+07  3.08478273e+06  1.32288576e+07
 -4.69010398e-09  9.54655546e-09 -5.03915741e-09  7.04335345e-09],[]
3,3,[700 701 702 703 704 705 706 707 708 709 710 711 712 713 714 715 716 717
 718 719 720 721 722 723 724 725 726 727 728 729 730 731 732 733 734 735
 736 737 738 739 740 741 742 743 744 745 746 747 748 749 750 751 752 753
 754 755 756 757 758 759],[760 761 762 763 764 765 766 767 768 769 770 771 772 773 774 775 776 777
 778 779],[38.74691919 28.66489603 15.58109421 29.33130699 35.50834052 18.26910929
 24.62034928 14.63471537 15.14341427 17.56176155 14.37847245 20.21830181
 19.9822098  25.69859012 21.49810367 28.8082607  23.39543007 21.28706289
 27.21172023 23.68072631 31.51941013 30.34295801 13.77484875  8.01202834
 16.07845754 23.58044164 28.07877102 14.2631146  12.87194812  9.296875
 17.56955881 14.5193229  11.99320071 17.87394167 13.45340988 18.13567871
 26.57848938 35.40414989 31.55035391 17.04396325 22.7731665  21.22986369
 28.87431555 20.75993641  8.39902748 14.05105811 26.93042205 20.23915816
 23.49639645 36.56944533 26.72874031 23.13592448 28.76284505 19.47770701
 40.71925014 28.46080306 30.05349637 26.08999619 26.27737226 33.42519156],[27.43042318 23.95520896 12.315507   23.30567082 26.72043366 13.08794747
 26.63715703 20.67273503 36.05298997 14.03995139 12.85642977 20.23567154
 14.56164862 36.46735118 27.36196709 14.3161849  19.54937254 29.37472312
 60.60174639 35.63505473],[ 1.85851077e+04 -6.77175575e+01  8.08791371e-02 -3.14450158e-05],[-6.40487612e+06  2.50880257e+04 -3.27557824e+01  1.42553098e-02],[-26.02175125   0.06681234   1.35495893  -0.75353041],[-528.66782476    0.71872048   -1.58556052    6.35961531],[-546.84162204    0.7428207     1.01880721],[]
3,5,[700 701 702 703 704 705 706 707 708 709 710 711 712 713 714 715 716 717
 718 719 720 721 722 723 724 725 726 727 728 729 730 731 732 733 734 735
 736 737 738 739 740 741 742 743 744 745 746 747 748 749 750 751 752 753
 754 755 756 757 758 759],[760 761 762 763 764 765 766 767 768 769 770 771 772 773 774 775 776 777
 778 779],[38.74691919 28.66489603 15.58109421 29.33130699 35.50834052 18.26910929
 24.62034928 14.63471537 15.14341427 17.56176155 14.37847245 20.21830181
 19.9822098  25.69859012 21.49810367 28.8082607  23.39543007 21.28706289
 27.21172023 23.68072631 31.51941013 30.34295801 13.77484875  8.01202834
 16.07845754 23.58044164 28.07877102 14.2631146  12.87194812  9.296875
 17.56955881 14.5193229  11.99320071 17.87394167 13.45340988 18.13567871
 26.57848938 35.40414989 31.55035391 17.04396325 22.7731665  21.22986369
 28.87431555 20.75993641  8.39902748 14.05105811 26.93042205 20.23915816
 23.49639645 36.56944533 26.72874031 23.13592448 28.76284505 19.47770701
 40.71925014 28.46080306 30.05349637 26.08999619 26.27737226 33.42519156],[27.43042318 23.95520896 12.315507   23.30567082 26.72043366 13.08794747
 26.63715703 20.67273503 36.05298997 14.03995139 12.85642977 20.23567154
 14.56164862 36.46735118 27.36196709 14.3161849  19.54937254 29.37472312
 60.60174639 35.63505473],[ 1.85851077e+04 -6.77175575e+01  8.08791371e-02 -3.14450158e-05],[-6.40487612e+06  2.50880257e+04 -3.27557824e+01  1.42553098e-02],[-26.02175125   0.06681234   1.35495893  -0.75353041],[-528.66782476    0.71872048   -1.58556052    6.35961531],[-4.25647001e+02  5.84353167e-01  1.14191895e-01 -6.99912986e+00
 -8.61577247e+00],[]
3,7,[700 701 702 703 704 705 706 707 708 709 710 711 712 713 714 715 716 717
 718 719 720 721 722 723 724 725 726 727 728 729 730 731 732 733 734 735
 736 737 738 739 740 741 742 743 744 745 746 747 748 749 750 751 752 753
 754 755 756 757 758 759],[760 761 762 763 764 765 766 767 768 769 770 771 772 773 774 775 776 777
 778 779],[38.74691919 28.66489603 15.58109421 29.33130699 35.50834052 18.26910929
 24.62034928 14.63471537 15.14341427 17.56176155 14.37847245 20.21830181
 19.9822098  25.69859012 21.49810367 28.8082607  23.39543007 21.28706289
 27.21172023 23.68072631 31.51941013 30.34295801 13.77484875  8.01202834
 16.07845754 23.58044164 28.07877102 14.2631146  12.87194812  9.296875
 17.56955881 14.5193229  11.99320071 17.87394167 13.45340988 18.13567871
 26.57848938 35.40414989 31.55035391 17.04396325 22.7731665  21.22986369
 28.87431555 20.75993641  8.39902748 14.05105811 26.93042205 20.23915816
 23.49639645 36.56944533 26.72874031 23.13592448 28.76284505 19.47770701
 40.71925014 28.46080306 30.05349637 26.08999619 26.27737226 33.42519156],[27.43042318 23.95520896 12.315507   23.30567082 26.72043366 13.08794747
 26.63715703 20.67273503 36.05298997 14.03995139 12.85642977 20.23567154
 14.56164862 36.46735118 27.36196709 14.3161849  19.54937254 29.37472312
 60.60174639 35.63505473],[ 1.85851077e+04 -6.77175575e+01  8.08791371e-02 -3.14450158e-05],[-6.40487612e+06  2.50880257e+04 -3.27557824e+01  1.42553098e-02],[-26.02175125   0.06681234   1.35495893  -0.75353041],[-528.66782476    0.71872048   -1.58556052    6.35961531],[-4.32885023e+02  5.93146624e-01  2.67526260e-03 -7.25585119e+00
 -9.41768526e+00 -7.30891420e-01  3.19899970e+00],[]
3,20,[700 701 702 703 704 705 706 707 708 709 710 711 712 713 714 715 716 717
 718 719 720 721 722 723 724 725 726 727 728 729 730 731 732 733 734 735
 736 737 738 739 740 741 742 743 744 745 746 747 748 749 750 751 752 753
 754 755 756 757 758 759],[760 761 762 763 764 765 766 767 768 769 770 771 772 773 774 775 776 777
 778 779],[38.74691919 28.66489603 15.58109421 29.33130699 35.50834052 18.26910929
 24.62034928 14.63471537 15.14341427 17.56176155 14.37847245 20.21830181
 19.9822098  25.69859012 21.49810367 28.8082607  23.39543007 21.28706289
 27.21172023 23.68072631 31.51941013 30.34295801 13.77484875  8.01202834
 16.07845754 23.58044164 28.07877102 14.2631146  12.87194812  9.296875
 17.56955881 14.5193229  11.99320071 17.87394167 13.45340988 18.13567871
 26.57848938 35.40414989 31.55035391 17.04396325 22.7731665  21.22986369
 28.87431555 20.75993641  8.39902748 14.05105811 26.93042205 20.23915816
 23.49639645 36.56944533 26.72874031 23.13592448 28.76284505 19.47770701
 40.71925014 28.46080306 30.05349637 26.08999619 26.27737226 33.42519156],[27.43042318 23.95520896 12.315507   23.30567082 26.72043366 13.08794747
 26.63715703 20.67273503 36.05298997 14.03995139 12.85642977 20.23567154
 14.56164862 36.46735118 27.36196709 14.3161849  19.54937254 29.37472312
 60.60174639 35.63505473],[ 1.85851077e+04 -6.77175575e+01  8.08791371e-02 -3.14450158e-05],[-6.40487612e+06  2.50880257e+04 -3.27557824e+01  1.42553098e-02],[-26.02175125   0.06681234   1.35495893  -0.75353041],[-528.66782476    0.71872048   -1.58556052    6.35961531],[ 4.58273723e+07 -5.98440579e+04  4.51393933e+00  5.45404023e+02
  3.56737135e+03 -4.36132583e+04 -2.87897757e+05 -3.27846338e+06
 -1.48983911e+07  2.47306816e+07 -2.41711809e+07  4.04889351e+07
 -2.39952653e+07 -4.01257500e+07  3.08478273e+06  1.32288576e+07
 -4.69010398e-09  9.54655546e-09 -5.03915741e-09  7.04335345e-09],[]
7,3,[700 701 702 703 704 705 706 707 708 709 710 711 712 713 714 715 716 717
 718 719 720 721 722 723 724 725 726 727 728 729 730 731 732 733 734 735
 736 737 738 739 740 741 742 743 744 745 746 747 748 749 750 751 752 753
 754 755 756 757 758 759],[760 761 762 763 764 765 766 767 768 769 770 771 772 773 774 775 776 777
 778 779],[38.74691919 28.66489603 15.58109421 29.33130699 35.50834052 18.26910929
 24.62034928 14.63471537 15.14341427 17.56176155 14.37847245 20.21830181
 19.9822098  25.69859012 21.49810367 28.8082607  23.39543007 21.28706289
 27.21172023 23.68072631 31.51941013 30.34295801 13.77484875  8.01202834
 16.07845754 23.58044164 28.07877102 14.2631146  12.87194812  9.296875
 17.56955881 14.5193229  11.99320071 17.87394167 13.45340988 18.13567871
 26.57848938 35.40414989 31.55035391 17.04396325 22.7731665  21.22986369
 28.87431555 20.75993641  8.39902748 14.05105811 26.93042205 20.23915816
 23.49639645 36.56944533 26.72874031 23.13592448 28.76284505 19.47770701
 40.71925014 28.46080306 30.05349637 26.08999619 26.27737226 33.42519156],[27.43042318 23.95520896 12.315507   23.30567082 26.72043366 13.08794747
 26.63715703 20.67273503 36.05298997 14.03995139 12.85642977 20.23567154
 14.56164862 36.46735118 27.36196709 14.3161849  19.54937254 29.37472312
 60.60174639 35.63505473],[ 2.84424307e+06 -1.70882317e+04  4.02932306e+01 -4.62933902e-02
  2.56265784e-05 -5.35755120e-09  9.75303487e-58  2.38851661e-58],[-1.25355478e+04 -5.26522215e+03  1.68960577e+01 -1.20475644e-02
 -7.88880693e-06  8.57981210e-09  1.91440347e-57 -2.98127002e-58],[-26.02175125   0.06681234   1.35495893  -0.75353041],[-528.66782476    0.71872048   -1.58556052    6.35961531],[-546.84162204    0.7428207     1.01880721],[]
7,5,[700 701 702 703 704 705 706 707 708 709 710 711 712 713 714 715 716 717
 718 719 720 721 722 723 724 725 726 727 728 729 730 731 732 733 734 735
 736 737 738 739 740 741 742 743 744 745 746 747 748 749 750 751 752 753
 754 755 756 757 758 759],[760 761 762 763 764 765 766 767 768 769 770 771 772 773 774 775 776 777
 778 779],[38.74691919 28.66489603 15.58109421 29.33130699 35.50834052 18.26910929
 24.62034928 14.63471537 15.14341427 17.56176155 14.37847245 20.21830181
 19.9822098  25.69859012 21.49810367 28.8082607  23.39543007 21.28706289
 27.21172023 23.68072631 31.51941013 30.34295801 13.77484875  8.01202834
 16.07845754 23.58044164 28.07877102 14.2631146  12.87194812  9.296875
 17.56955881 14.5193229  11.99320071 17.87394167 13.45340988 18.13567871
 26.57848938 35.40414989 31.55035391 17.04396325 22.7731665  21.22986369
 28.87431555 20.75993641  8.39902748 14.05105811 26.93042205 20.23915816
 23.49639645 36.56944533 26.72874031 23.13592448 28.76284505 19.47770701
 40.71925014 28.46080306 30.05349637 26.08999619 26.27737226 33.42519156],[27.43042318 23.95520896 12.315507   23.30567082 26.72043366 13.08794747
 26.63715703 20.67273503 36.05298997 14.03995139 12.85642977 20.23567154
 14.56164862 36.46735118 27.36196709 14.3161849  19.54937254 29.37472312
 60.60174639 35.63505473],[ 2.84424307e+06 -1.70882317e+04  4.02932306e+01 -4.62933902e-02
  2.56265784e-05 -5.35755120e-09  9.75303487e-58  2.38851661e-58],[-1.25355478e+04 -5.26522215e+03  1.68960577e+01 -1.20475644e-02
 -7.88880693e-06  8.57981210e-09  1.91440347e-57 -2.98127002e-58],[-26.02175125   0.06681234   1.35495893  -0.75353041],[-528.66782476    0.71872048   -1.58556052    6.35961531],[-4.25647001e+02  5.84353167e-01  1.14191895e-01 -6.99912986e+00
 -8.61577247e+00],[]
7,7,[700 701 702 703 704 705 706 707 708 709 710 711 712 713 714 715 716 717
 718 719 720 721 722 723 724 725 726 727 728 729 730 731 732 733 734 735
 736 737 738 739 740 741 742 743 744 745 746 747 748 749 750 751 752 753
 754 755 756 757 758 759],[760 761 762 763 764 765 766 767 768 769 770 771 772 773 774 775 776 777
 778 779],[38.74691919 28.66489603 15.58109421 29.33130699 35.50834052 18.26910929
 24.62034928 14.63471537 15.14341427 17.56176155 14.37847245 20.21830181
 19.9822098  25.69859012 21.49810367 28.8082607  23.39543007 21.28706289
 27.21172023 23.68072631 31.51941013 30.34295801 13.77484875  8.01202834
 16.07845754 23.58044164 28.07877102 14.2631146  12.87194812  9.296875
 17.56955881 14.5193229  11.99320071 17.87394167 13.45340988 18.13567871
 26.57848938 35.40414989 31.55035391 17.04396325 22.7731665  21.22986369
 28.87431555 20.75993641  8.39902748 14.05105811 26.93042205 20.23915816
 23.49639645 36.56944533 26.72874031 23.13592448 28.76284505 19.47770701
 40.71925014 28.46080306 30.05349637 26.08999619 26.27737226 33.42519156],[27.43042318 23.95520896 12.315507   23.30567082 26.72043366 13.08794747
 26.63715703 20.67273503 36.05298997 14.03995139 12.85642977 20.23567154
 14.56164862 36.46735118 27.36196709 14.3161849  19.54937254 29.37472312
 60.60174639 35.63505473],[ 2.84424307e+06 -1.70882317e+04  4.02932306e+01 -4.62933902e-02
  2.56265784e-05 -5.35755120e-09  9.75303487e-58  2.38851661e-58],[-1.25355478e+04 -5.26522215e+03  1.68960577e+01 -1.20475644e-02
 -7.88880693e-06  8.57981210e-09  1.91440347e-57 -2.98127002e-58],[-26.02175125   0.06681234   1.35495893  -0.75353041],[-528.66782476    0.71872048   -1.58556052    6.35961531],[-4.32885023e+02  5.93146624e-01  2.67526260e-03 -7.25585119e+00
 -9.41768526e+00 -7.30891420e-01  3.19899970e+00],[]
7,20,[700 701 702 703 704 705 706 707 708 709 710 711 712 713 714 715 716 717
 718 719 720 721 722 723 724 725 726 727 728 729 730 731 732 733 734 735
 736 737 738 739 740 741 742 743 744 745 746 747 748 749 750 751 752 753
 754 755 756 757 758 759],[760 761 762 763 764 765 766 767 768 769 770 771 772 773 774 775 776 777
 778 779],[38.74691919 28.66489603 15.58109421 29.33130699 35.50834052 18.26910929
 24.62034928 14.63471537 15.14341427 17.56176155 14.37847245 20.21830181
 19.9822098  25.69859012 21.49810367 28.8082607  23.39543007 21.28706289
 27.21172023 23.68072631 31.51941013 30.34295801 13.77484875  8.01202834
 16.07845754 23.58044164 28.07877102 14.2631146  12.87194812  9.296875
 17.56955881 14.5193229  11.99320071 17.87394167 13.45340988 18.13567871
 26.57848938 35.40414989 31.55035391 17.04396325 22.7731665  21.22986369
 28.87431555 20.75993641  8.39902748 14.05105811 26.93042205 20.23915816
 23.49639645 36.56944533 26.72874031 23.13592448 28.76284505 19.47770701
 40.71925014 28.46080306 30.05349637 26.08999619 26.27737226 33.42519156],[27.43042318 23.95520896 12.315507   23.30567082 26.72043366 13.08794747
 26.63715703 20.67273503 36.05298997 14.03995139 12.85642977 20.23567154
 14.56164862 36.46735118 27.36196709 14.3161849  19.54937254 29.37472312
 60.60174639 35.63505473],[ 2.84424307e+06 -1.70882317e+04  4.02932306e+01 -4.62933902e-02
  2.56265784e-05 -5.35755120e-09  9.75303487e-58  2.38851661e-58],[-1.25355478e+04 -5.26522215e+03  1.68960577e+01 -1.20475644e-02
 -7.88880693e-06  8.57981210e-09  1.91440347e-57 -2.98127002e-58],[-26.02175125   0.06681234   1.35495893  -0.75353041],[-528.66782476    0.71872048   -1.58556052    6.35961531],[ 4.58273723e+07 -5.98440579e+04  4.51393933e+00  5.45404023e+02
  3.56737135e+03 -4.36132583e+04 -2.87897757e+05 -3.27846338e+06
 -1.48983911e+07  2.47306816e+07 -2.41711809e+07  4.04889351e+07
 -2.39952653e+07 -4.01257500e+07  3.08478273e+06  1.32288576e+07
 -4.69010398e-09  9.54655546e-09 -5.03915741e-09  7.04335345e-09],[]
20,3,[700 701 702 703 704 705 706 707 708 709 710 711 712 713 714 715 716 717
 718 719 720 721 722 723 724 725 726 727 728 729 730 731 732 733 734 735
 736 737 738 739 740 741 742 743 744 745 746 747 748 749 750 751 752 753
 754 755 756 757 758 759],[760 761 762 763 764 765 766 767 768 769 770 771 772 773 774 775 776 777
 778 779],[38.74691919 28.66489603 15.58109421 29.33130699 35.50834052 18.26910929
 24.62034928 14.63471537 15.14341427 17.56176155 14.37847245 20.21830181
 19.9822098  25.69859012 21.49810367 28.8082607  23.39543007 21.28706289
 27.21172023 23.68072631 31.51941013 30.34295801 13.77484875  8.01202834
 16.07845754 23.58044164 28.07877102 14.2631146  12.87194812  9.296875
 17.56955881 14.5193229  11.99320071 17.87394167 13.45340988 18.13567871
 26.57848938 35.40414989 31.55035391 17.04396325 22.7731665  21.22986369
 28.87431555 20.75993641  8.39902748 14.05105811 26.93042205 20.23915816
 23.49639645 36.56944533 26.72874031 23.13592448 28.76284505 19.47770701
 40.71925014 28.46080306 30.05349637 26.08999619 26.27737226 33.42519156],[27.43042318 23.95520896 12.315507   23.30567082 26.72043366 13.08794747
 26.63715703 20.67273503 36.05298997 14.03995139 12.85642977 20.23567154
 14.56164862 36.46735118 27.36196709 14.3161849  19.54937254 29.37472312
 60.60174639 35.63505473],[ 1.72585816e+06 -9.43576281e+03  1.93526360e+01 -1.76474017e-02
  6.03695052e-06 -2.98919869e-53  2.94400642e-58  2.38282448e-58
 -2.67839670e-58  7.04294655e-59  1.09733256e-58 -1.53330720e-58
  7.98003276e-59  5.55469729e-59 -2.43862344e-59  2.84519550e-59
  3.09804688e-59  4.27612262e-60 -6.33521471e-59  5.26502067e-59
  6.55829418e-60],[ 4.79100555e+06 -3.33196116e+04  8.15048189e+01 -8.50849080e-02
  3.23868886e-05 -4.75342603e-53 -3.85726049e-57 -7.12935147e-58
 -2.84060329e-58 -6.71951542e-58  5.07827127e-58 -9.40795955e-59
 -4.42354033e-58  5.17105238e-58 -4.40429097e-58  9.82368648e-58
 -1.05534749e-58 -9.77688000e-58  7.17918569e-58  8.74836906e-59
  8.14875778e-58],[-26.02175125   0.06681234   1.35495893  -0.75353041],[-528.66782476    0.71872048   -1.58556052    6.35961531],[-546.84162204    0.7428207     1.01880721],[]
20,5,[700 701 702 703 704 705 706 707 708 709 710 711 712 713 714 715 716 717
 718 719 720 721 722 723 724 725 726 727 728 729 730 731 732 733 734 735
 736 737 738 739 740 741 742 743 744 745 746 747 748 749 750 751 752 753
 754 755 756 757 758 759],[760 761 762 763 764 765 766 767 768 769 770 771 772 773 774 775 776 777
 778 779],[38.74691919 28.66489603 15.58109421 29.33130699 35.50834052 18.26910929
 24.62034928 14.63471537 15.14341427 17.56176155 14.37847245 20.21830181
 19.9822098  25.69859012 21.49810367 28.8082607  23.39543007 21.28706289
 27.21172023 23.68072631 31.51941013 30.34295801 13.77484875  8.01202834
 16.07845754 23.58044164 28.07877102 14.2631146  12.87194812  9.296875
 17.56955881 14.5193229  11.99320071 17.87394167 13.45340988 18.13567871
 26.57848938 35.40414989 31.55035391 17.04396325 22.7731665  21.22986369
 28.87431555 20.75993641  8.39902748 14.05105811 26.93042205 20.23915816
 23.49639645 36.56944533 26.72874031 23.13592448 28.76284505 19.47770701
 40.71925014 28.46080306 30.05349637 26.08999619 26.27737226 33.42519156],[27.43042318 23.95520896 12.315507   23.30567082 26.72043366 13.08794747
 26.63715703 20.67273503 36.05298997 14.03995139 12.85642977 20.23567154
 14.56164862 36.46735118 27.36196709 14.3161849  19.54937254 29.37472312
 60.60174639 35.63505473],[ 1.72585816e+06 -9.43576281e+03  1.93526360e+01 -1.76474017e-02
  6.03695052e-06 -2.98919869e-53  2.94400642e-58  2.38282448e-58
 -2.67839670e-58  7.04294655e-59  1.09733256e-58 -1.53330720e-58
  7.98003276e-59  5.55469729e-59 -2.43862344e-59  2.84519550e-59
  3.09804688e-59  4.27612262e-60 -6.33521471e-59  5.26502067e-59
  6.55829418e-60],[ 4.79100555e+06 -3.33196116e+04  8.15048189e+01 -8.50849080e-02
  3.23868886e-05 -4.75342603e-53 -3.85726049e-57 -7.12935147e-58
 -2.84060329e-58 -6.71951542e-58  5.07827127e-58 -9.40795955e-59
 -4.42354033e-58  5.17105238e-58 -4.40429097e-58  9.82368648e-58
 -1.05534749e-58 -9.77688000e-58  7.17918569e-58  8.74836906e-59
  8.14875778e-58],[-26.02175125   0.06681234   1.35495893  -0.75353041],[-528.66782476    0.71872048   -1.58556052    6.35961531],[-4.25647001e+02  5.84353167e-01  1.14191895e-01 -6.99912986e+00
 -8.61577247e+00],[]
20,7,[700 701 702 703 704 705 706 707 708 709 710 711 712 713 714 715 716 717
 718 719 720 721 722 723 724 725 726 727 728 729 730 731 732 733 734 735
 736 737 738 739 740 741 742 743 744 745 746 747 748 749 750 751 752 753
 754 755 756 757 758 759],[760 761 762 763 764 765 766 767 768 769 770 771 772 773 774 775 776 777
 778 779],[38.74691919 28.66489603 15.58109421 29.33130699 35.50834052 18.26910929
 24.62034928 14.63471537 15.14341427 17.56176155 14.37847245 20.21830181
 19.9822098  25.69859012 21.49810367 28.8082607  23.39543007 21.28706289
 27.21172023 23.68072631 31.51941013 30.34295801 13.77484875  8.01202834
 16.07845754 23.58044164 28.07877102 14.2631146  12.87194812  9.296875
 17.56955881 14.5193229  11.99320071 17.87394167 13.45340988 18.13567871
 26.57848938 35.40414989 31.55035391 17.04396325 22.7731665  21.22986369
 28.87431555 20.75993641  8.39902748 14.05105811 26.93042205 20.23915816
 23.49639645 36.56944533 26.72874031 23.13592448 28.76284505 19.47770701
 40.71925014 28.46080306 30.05349637 26.08999619 26.27737226 33.42519156],[27.43042318 23.95520896 12.315507   23.30567082 26.72043366 13.08794747
 26.63715703 20.67273503 36.05298997 14.03995139 12.85642977 20.23567154
 14.56164862 36.46735118 27.36196709 14.3161849  19.54937254 29.37472312
 60.60174639 35.63505473],[ 1.72585816e+06 -9.43576281e+03  1.93526360e+01 -1.76474017e-02
  6.03695052e-06 -2.98919869e-53  2.94400642e-58  2.38282448e-58
 -2.67839670e-58  7.04294655e-59  1.09733256e-58 -1.53330720e-58
  7.98003276e-59  5.55469729e-59 -2.43862344e-59  2.84519550e-59
  3.09804688e-59  4.27612262e-60 -6.33521471e-59  5.26502067e-59
  6.55829418e-60],[ 4.79100555e+06 -3.33196116e+04  8.15048189e+01 -8.50849080e-02
  3.23868886e-05 -4.75342603e-53 -3.85726049e-57 -7.12935147e-58
 -2.84060329e-58 -6.71951542e-58  5.07827127e-58 -9.40795955e-59
 -4.42354033e-58  5.17105238e-58 -4.40429097e-58  9.82368648e-58
 -1.05534749e-58 -9.77688000e-58  7.17918569e-58  8.74836906e-59
  8.14875778e-58],[-26.02175125   0.06681234   1.35495893  -0.75353041],[-528.66782476    0.71872048   -1.58556052    6.35961531],[-4.32885023e+02  5.93146624e-01  2.67526260e-03 -7.25585119e+00
 -9.41768526e+00 -7.30891420e-01  3.19899970e+00],[]
